11100101000100000000000000000000
11100101000100000001000000000000
11100101000100000010000000000000
11100101100100100010000000000000
11100011101000000101000000000000
11100011101000001000000000000000
11100011101000001001000000000000
11101010111111111111111111111111
11100001010100100000000000000101
11101010000000000000000000000010
11100010100000000000000000000100
11100010100001010101000000000001
11101010111111111111111111111100
11100101100100010011000000000000
11100010100000010001000000000100
11100001101000000110000000000000
11100010100001100110000000000100
11100101100101100110000000000000
11100000100010001000000000000110
11100101100100010011000000000000
11100010100000010001000000000100
11100101100100000110000000000000
11100010100010001000000000000000
11100101100100010011000000000000
11100001101000000110000000000000
11100010010001100110000000000100
11100101100101100110000000000000
11100000100010001000000000000110
