11100011101000000001000000001000
11100011101000000010000000000010
11100101100000010010000000000000
11100101100100010011000000000000
11100001101000001000000000001000
11100001101000001000000000001000
11100001101000001000000000001000
11100000100000100011000000000010
11100001010100110000000000000010
00001010111111111111111111111011
11100001101000001000000000001000
11100001101000001000000000001000
11100001101000001000000000001000
11100001101000001000000000001000
11100001101000001000000000001000
11100010100000100101000000000100


