11100001101000000000000000000000
11100011101000000001000000000000
11100011101000001011000001100100
11100011101000000011110000011100
11100011101000000100000000110100
11100011101000001110000000000000
11100000000011010000111010010100
11100011101000001100000000000000
11100000100011010010000000001100
11100011101000000001000000000000
11100011101000001010000000000011
11100011101000001001000000000011
11100110100100010101000000000001
11100001101000000000000000000000
11100001101000000000000000000000
11100001101000000000000000000000
11100110100100100110000000000001
11100001101000000000000000000000
11100001101000000000000000000000
11100001101000000000000000000000
11100000000001110000011010010101
11100000100010001000000000000111
11100011101000000111000000000000
11100010010010011001000000000001
11100011010110010000000000000000
00011010111111111111111111110001
11100001101000000000000000000000
11100001101000000000000000000000
11100001101000000000000000000000
11100001101000000000000000000000
11100001101000000000000000000000
11100010100000100010000000110010
11100010010010101010000000000001
11100011010110100000000000000000
00011010111111111111111111101000
11100001101000000000000000000000
11100001101000000000000000000000
11100001101000000000000000000000
11100001101000000000000000000000
11100001101000000000000000000000
11100010100011001100000000000001
11100011101000000001000000000000
11100110100000111000000000000001
11100011101000001000000000000000
11100011010111000000000000110001
00011010111111111111111111011011
11100001101000000000000000000000
11100001101000000000000000000000
11100001101000000000000000000000
11100001101000000000000000000000
11100001101000000000000000000000
11100010100011101110000000000001
11100011010111100000000000110001
00011010111111111111111111010010
11100001101000000000000000000000
11100001101000000000000000000000
11100001101000000000000000000000
11100001101000000000000000000000
11100001101000000000000000000000
